function H = hessf2(x)
    y11 = -2 -400*x(1);
    y12 = -(200) * x(1);
    y21 = -200;
    y22 = 200;
    H = [y11 y12;
        y21 y22];